08
08
24
24
24
24
24
35
35
35
35
35
35
08
08
24
24
24
24
24
35
35
35
35
35
35
6104
6718
6718
6910
6910
6910
7110
7110
7110
7110
7203
7203
7203
7203
7203
7203
7203
7203
7203
7203
7501
7501
7501
7507
7507
7507
7518
7518
7518
6104
7602
7602
7602
7602
7602
7602
7602
7602
7618
7618
7618
7618
7618
7618
7623
7623
7623
7623
7709
7709
7709
7709
7709
7709
6202
6202
6202
7806
7806
7806
7811
7811
7811
7821
7821
7821
7821
7821
7826
7826
7826
7826
7826
7826
7826
7826
7826
7826
7826
7826
7826
7826
7826
7836
7836
8004
8004
8004
8008
8008
8008
8008
8008
8008
8008
8008
8008
8008
8008
8008
6314
6314
6314
6314
6314
6314
8008
8008
8008
8008
8008
8008
8008
8008
8008
8008
8008
8008
8008
8008
8008
8008
8008
8008
8008
8008
8206
8206
8206
8410
8410
8410
8605
8605
8610
8610
8615
8615
8615
8703
8703
8703
8703
8703
8703
8703
8703
8703
8703
8703
8703
8703
6314
6314
6314
8708
8708
8708
8708
8708
CREK
CREK
CREK
FC01
FC01
FC01
FC11
FC11
FC11
GC34
GC34
GC34
P164
6314
6314
6314
6504
6604
6614
6614
6713
6713
6713
